Generating 2 finales...
Finale 1:
-------------------------
| 4 8 6 | 1 9 3 | 2 7 5 |
| 9 7 3 | 6 5 2 | 8 1 4 |
| 2 1 5 | 4 7 8 | 6 9 3 |
-------------------------
| 1 2 4 | 3 6 7 | 9 5 8 |
| 3 6 8 | 9 4 5 | 7 2 1 |
| 5 9 7 | 2 8 1 | 4 3 6 |
-------------------------
| 8 3 9 | 5 2 4 | 1 6 7 |
| 7 5 2 | 8 1 6 | 3 4 9 |
| 6 4 1 | 7 3 9 | 5 8 2 |
-------------------------

Finale 2:
-------------------------
| 8 5 3 | 7 1 6 | 2 9 4 |
| 2 9 7 | 3 8 4 | 6 1 5 |
| 4 1 6 | 2 5 9 | 7 8 3 |
-------------------------
| 3 7 2 | 1 6 8 | 4 5 9 |
| 5 6 1 | 9 4 7 | 8 3 2 |
| 9 8 4 | 5 2 3 | 1 6 7 |
-------------------------
| 7 4 5 | 8 3 1 | 9 2 6 |
| 6 2 8 | 4 9 5 | 3 7 1 |
| 1 3 9 | 6 7 2 | 5 4 8 |
-------------------------

All 2 finale(s) have(has) been generated.
