Solution for Puzzle 1 (n_blank: 50, difficulty: hard):
-------------------------
| 1 8 4 | 5 6 2 | 9 4 7 |
| 7 6 2 | 4 8 9 | 3 5 1 |
| 9 5 4 | 7 1 3 | 8 2 6 |
-------------------------
| 6 9 7 | 3 2 4 | 1 8 5 |
| 2 1 5 | 6 9 8 | 4 7 3 |
| 3 4 8 | 1 7 5 | 6 9 2 |
-------------------------
| 5 7 9 | 8 5 1 | 2 6 9 |
| 8 3 9 | 2 4 6 | 7 1 1 |
| 4 2 1 | 9 3 7 | 5 6 8 |
-------------------------
Solution for Puzzle 2 (n_blank: 50, difficulty: hard):
-------------------------
| 2 6 8 | 5 4 9 | 4 7 1 |
| 9 4 7 | 8 2 6 | 5 6 3 |
| 5 3 1 | 7 6 6 | 8 9 2 |
-------------------------
| 8 9 6 | 1 7 3 | 2 4 4 |
| 4 1 3 | 6 8 2 | 9 4 5 |
| 7 5 2 | 4 9 3 | 6 1 8 |
-------------------------
| 3 2 5 | 9 8 4 | 1 8 6 |
| 1 7 9 | 3 6 8 | 2 5 4 |
| 6 8 4 | 2 1 5 | 7 3 9 |
-------------------------
